stump1		0.1192	0.1248	0.11920000000000003
ensemble1	0.1192	0.1248
stump2		0.411	0.4034	0.28916588945986293
ensemble2	0.1192	0.1248
stump3		0.197	0.203	0.33704036860378167
ensemble3	0.1192	0.1248
stump4		0.1088	0.1166	0.4262131407684985
ensemble4	0.1192	0.1248
stump5		0.8808	0.8752	0.4359750453023926
ensemble5	0.1124	0.1174
stump6		0.184	0.1912	0.44419256732710294
ensemble6	0.1124	0.1174
stump7		0.4192	0.4072	0.3914232853824715
ensemble7	0.1166	0.1194
stump8		0.8056	0.8006	0.4645000822267834
ensemble8	0.115	0.119
stump9		0.2146	0.22	0.46229393621430304
ensemble9	0.1156	0.1182
stump10		0.776	0.7748	0.43917361050430703
ensemble10	0.1128	0.116
stump11		0.4264	0.443	0.4438419473769243
ensemble11	0.1098	0.1118
stump12		0.1088	0.1166	0.4556487742125501
ensemble12	0.1098	0.1118
stump13		0.411	0.4034	0.43103098218696934
ensemble13	0.1072	0.109
stump14		0.5712	0.5676	0.45112959155233845
ensemble14	0.1074	0.1098
stump15		0.1192	0.1248	0.4705212089730418
ensemble15	0.1074	0.1094
stump16		0.7372	0.7384	0.46030375766369824
ensemble16	0.1062	0.1084
stump17		0.216	0.218	0.44734061261795266
ensemble17	0.106	0.1074
stump18		0.4036	0.4042	0.4445107995473149
ensemble18	0.1054	0.1082
stump19		0.775	0.7718	0.4744981383390186
ensemble19	0.1044	0.1072
stump20		0.6198	0.6144	0.46985141423865934
ensemble20	0.105	0.1078
stump21		0.1088	0.1166	0.4591133215339618
ensemble21	0.104	0.1068
stump22		0.7396	0.736	0.4697770020220271
ensemble22	0.104	0.1066
stump23		0.5938	0.5934	0.4712004391964483
ensemble23	0.1036	0.1074
stump24		0.3462	0.359	0.4619565449629815
ensemble24	0.104	0.107
stump25		0.6932	0.6872	0.47129750994036823
ensemble25	0.1048	0.1076
stump26		0.601	0.5922	0.47419603989360504
ensemble26	0.1038	0.1088
stump27		0.4768	0.4704	0.4672080165543879
ensemble27	0.1038	0.1064
stump28		0.1678	0.1716	0.4646855121427157
ensemble28	0.1046	0.108
stump29		0.7372	0.7384	0.4801080369297267
ensemble29	0.1038	0.1064
stump30		0.229	0.2314	0.47751021001319516
ensemble30	0.1046	0.1066
stump31		0.5808	0.5928	0.47105517775323547
ensemble31	0.105	0.1066
stump32		0.6198	0.6144	0.4755794909864239
ensemble32	0.1042	0.1066
stump33		0.1512	0.1562	0.4785611700592028
ensemble33	0.1046	0.1074
stump34		0.775	0.7718	0.48132602821811465
ensemble34	0.104	0.107
stump35		0.3702	0.3578	0.481173712497038
ensemble35	0.1042	0.1064
stump36		0.4648	0.463	0.4862492527449479
ensemble36	0.1042	0.1064
stump37		0.4904	0.4916	0.48010312852626513
ensemble37	0.1048	0.106
stump38		0.4412	0.4348	0.4872426706684441
ensemble38	0.1046	0.1068
stump39		0.7372	0.7384	0.4883721279076715
ensemble39	0.104	0.106
stump40		0.3202	0.3294	0.4833803809864009
ensemble40	0.1042	0.1064
stump41		0.4168	0.4246	0.4896343153268779
ensemble41	0.104	0.106
stump42		0.1512	0.1562	0.49023087905984064
ensemble42	0.1042	0.1066
stump43		0.7382	0.7406	0.48739755494059944
ensemble43	0.1036	0.1068
stump44		0.1088	0.1166	0.4928723566302151
ensemble44	0.1034	0.1068
stump45		0.6572	0.6604	0.4916476313709787
ensemble45	0.1036	0.107
stump46		0.775	0.7718	0.4934711730337505
ensemble46	0.103	0.1072
stump47		0.6198	0.6144	0.49293875949520827
ensemble47	0.103	0.1076
stump48		0.3364	0.339	0.4905342909926746
ensemble48	0.1032	0.1064
stump49		0.601	0.5922	0.49070335951786304
ensemble49	0.1034	0.1072
stump50		0.1192	0.1248	0.49201533747151743
ensemble50	0.1034	0.107
stump51		0.411	0.4034	0.48916014874293107
ensemble51	0.1032	0.1066
stump52		0.1452	0.1544	0.49313468411167416
ensemble52	0.1034	0.1062
stump53		0.5032	0.4986	0.4876429855367439
ensemble53	0.103	0.1064
stump54		0.7518	0.7544	0.49192682118917797
ensemble54	0.1034	0.1066
stump55		0.1464	0.1462	0.49065873625070533
ensemble55	0.103	0.1068
stump56		0.8638	0.8616	0.4950842385073482
ensemble56	0.1032	0.1064
stump57		0.4064	0.396	0.49376322637067277
ensemble57	0.1034	0.1066
stump58		0.1512	0.1562	0.4950954049555599
ensemble58	0.103	0.1064
stump59		0.7372	0.7384	0.4914711260375524
ensemble59	0.1036	0.1064
stump60		0.2982	0.3068	0.4952986232522425
ensemble60	0.1038	0.1064
stump61		0.529	0.535	0.49585719887730156
ensemble61	0.1036	0.1064
stump62		0.5808	0.5928	0.49004804775463684
ensemble62	0.1038	0.107
stump63		0.8174	0.8112	0.49478155421963754
ensemble63	0.1036	0.1074
stump64		0.1678	0.1716	0.49287745483398837
ensemble64	0.1034	0.107
stump65		0.4624	0.4552	0.4946452903349794
ensemble65	0.1034	0.107
stump66		0.8638	0.8616	0.49727144647528326
ensemble66	0.103	0.1072
stump67		0.1088	0.1166	0.49541479064525973
ensemble67	0.1034	0.1074
stump68		0.8488	0.8472	0.4956888995898386
ensemble68	0.103	0.1072
stump69		0.1192	0.1248	0.4977430011781898
ensemble69	0.1032	0.107
stump70		0.8638	0.8616	0.4978481147002158
ensemble70	0.103	0.1072
stump71		0.1192	0.1248	0.4979087860444586
ensemble71	0.1032	0.107
stump72		0.8638	0.8616	0.4979677112398635
ensemble72	0.103	0.1072
stump73		0.775	0.7718	0.4959362254918249
ensemble73	0.103	0.1072
stump74		0.1192	0.1248	0.4952933944023662
ensemble74	0.1032	0.1072
stump75		0.6198	0.6144	0.49273600533330586
ensemble75	0.103	0.107
stump76		0.37	0.3818	0.4938609842394419
ensemble76	0.1032	0.1072
stump77		0.4108	0.4114	0.49716443189428017
ensemble77	0.1032	0.1074
stump78		0.8638	0.8616	0.49901992160380515
ensemble78	0.1032	0.1076
stump79		0.1192	0.1248	0.4981793260077101
ensemble79	0.1034	0.1076
stump80		0.8638	0.8616	0.4982308783223797
ensemble80	0.1032	0.1076
stump81		0.3672	0.3654	0.4976614635496353
ensemble81	0.1034	0.1074
stump82		0.3462	0.359	0.4956644089477494
ensemble82	0.103	0.1078
stump83		0.6316	0.6242	0.49728570918497905
ensemble83	0.1032	0.1074
stump84		0.8174	0.8112	0.4964696199918025
ensemble84	0.103	0.1074
stump85		0.342	0.3338	0.49443285559406125
ensemble85	0.103	0.1076
stump86		0.1192	0.1248	0.49876821905902735
ensemble86	0.1032	0.1078
stump87		0.8638	0.8616	0.49830727438960587
ensemble87	0.103	0.1078
stump88		0.5508	0.5498	0.49652296951821423
ensemble88	0.1032	0.1078
stump89		0.3364	0.3478	0.49623095869109124
ensemble89	0.103	0.108
stump90		0.8638	0.8616	0.4988762149109828
ensemble90	0.1028	0.1078
stump91		0.1192	0.1248	0.49834356024759063
ensemble91	0.103	0.108
stump92		0.8638	0.8616	0.4983902962339269
ensemble92	0.1028	0.1078
stump93		0.1192	0.1248	0.4984356973640759
ensemble93	0.103	0.108
stump94		0.8638	0.8616	0.4984798030913278
ensemble94	0.1028	0.1078
stump95		0.5256	0.5112	0.49808304545849924
ensemble95	0.103	0.108
stump96		0.371	0.3896	0.4979146694860118
ensemble96	0.1028	0.1076
stump97		0.1088	0.1166	0.49760108055421504
ensemble97	0.1032	0.1076
stump98		0.8638	0.8616	0.4974136905626243
ensemble98	0.1028	0.1074
stump99		0.5616	0.5468	0.49828274618025964
ensemble99	0.103	0.1076
stump100		0.6866	0.6814	0.49548214347184993
ensemble100	0.1026	0.107
stump101		0.129	0.133	0.4968609287381967
ensemble101	0.1028	0.107
stump102		0.6106	0.6148	0.4978774415774285
ensemble102	0.1028	0.1074
stump103		0.775	0.7718	0.49765657022549503
ensemble103	0.1028	0.107
stump104		0.5712	0.5676	0.49673268808934967
ensemble104	0.1026	0.1072
stump105		0.1192	0.1248	0.4962816686968821
ensemble105	0.103	0.1072
stump106		0.8638	0.8616	0.4987201729835383
ensemble106	0.103	0.107
stump107		0.3574	0.3572	0.4978887900645042
ensemble107	0.1028	0.107
stump108		0.7518	0.7544	0.4968337487958324
ensemble108	0.1026	0.1072
stump109		0.1192	0.1248	0.4972731009641793
ensemble109	0.1028	0.1072
stump110		0.8638	0.8616	0.49878365718847006
ensemble110	0.1028	0.1074
stump111		0.2656	0.2714	0.4970545925034371
ensemble111	0.1026	0.107
stump112		0.6978	0.7074	0.49807019166554084
ensemble112	0.1026	0.1068
stump113		0.1088	0.1166	0.49815504866061644
ensemble113	0.1026	0.107
stump114		0.8638	0.8616	0.49832392999586667
ensemble114	0.1026	0.1068
stump115		0.7372	0.7384	0.49769649537717986
ensemble115	0.1028	0.1068
stump116		0.1192	0.1248	0.4971850923162349
ensemble116	0.1026	0.107
stump117		0.411	0.4034	0.49587843032044643
ensemble117	0.1028	0.107
stump118		0.1088	0.1166	0.4977232442716203
ensemble118	0.1026	0.1068
stump119		0.775	0.7718	0.49789938414414436
ensemble119	0.1026	0.1068
stump120		0.4874	0.4788	0.49842753460499023
ensemble120	0.1026	0.1072
stump121		0.1192	0.1248	0.4989225024308454
ensemble121	0.1026	0.1072
stump122		0.8638	0.8616	0.4989487752053948
ensemble122	0.1026	0.1072
stump123		0.3338	0.341	0.4985190816461084
ensemble123	0.1026	0.1072
stump124		0.4768	0.4704	0.49574662723173346
ensemble124	0.103	0.1074
stump125		0.5808	0.5928	0.49558791578875866
ensemble125	0.103	0.1076
stump126		0.6198	0.6144	0.4969100128183451
ensemble126	0.1032	0.1072
stump127		0.1512	0.1562	0.49718612568135767
ensemble127	0.1028	0.1074
stump128		0.7854	0.78	0.4974449126515813
ensemble128	0.1028	0.1074
stump129		0.2168	0.2156	0.4967984700283172
ensemble129	0.1026	0.1074
stump130		0.7492	0.7504	0.49815694405205396
ensemble130	0.1028	0.1074
stump131		0.184	0.1912	0.4988815375692533
ensemble131	0.1028	0.1072
stump132		0.8606	0.8546	0.4983223445218673
ensemble132	0.1026	0.1074
stump133		0.3462	0.359	0.49766825396309866
ensemble133	0.1026	0.108
stump134		0.4668	0.4622	0.4983250699443327
ensemble134	0.1026	0.1078
stump135		0.1192	0.1248	0.49930300691430324
ensemble135	0.1026	0.1078
stump136		0.8638	0.8616	0.4991299815708285
ensemble136	0.1026	0.1078
stump137		0.4294	0.4274	0.4983967035016248
ensemble137	0.1026	0.1078
stump138		0.2094	0.2104	0.49734552897656026
ensemble138	0.1026	0.1076
stump139		0.8638	0.8616	0.4977614333291558
ensemble139	0.1026	0.1078
stump140		0.3986	0.4084	0.49823236795994014
ensemble140	0.1026	0.1076
stump141		0.6198	0.6144	0.49772059786738526
ensemble141	0.1028	0.1078
stump142		0.1192	0.1248	0.49845468745147375
ensemble142	0.1026	0.1076
stump143		0.775	0.7718	0.4984661625928569
ensemble143	0.1028	0.1078
stump144		0.3206	0.3198	0.49889717009920664
ensemble144	0.1028	0.1078
stump145		0.7518	0.7544	0.4981688827147802
ensemble145	0.1028	0.1078
stump146		0.1192	0.1248	0.498229706263023
ensemble146	0.1028	0.1078
stump147		0.7372	0.7384	0.4978862896160723
ensemble147	0.1028	0.1078
stump148		0.1192	0.1248	0.4984033543883961
ensemble148	0.1028	0.1078
stump149		0.765	0.7696	0.49901373598067456
ensemble149	0.1028	0.1078
stump150		0.601	0.5922	0.497653308734229
ensemble150	0.1028	0.1078
stump151		0.1192	0.1248	0.4982304811434146
ensemble151	0.1028	0.108
stump152		0.8606	0.8546	0.49873506984399274
ensemble152	0.1028	0.1078
stump153		0.2168	0.2156	0.498245470141171
ensemble153	0.1026	0.108
stump154		0.8488	0.8472	0.4989561400633944
ensemble154	0.1028	0.1078
stump155		0.1678	0.1716	0.4981631569897326
ensemble155	0.1026	0.108
stump156		0.8638	0.8616	0.49852759832578974
ensemble156	0.1026	0.1078
stump157		0.1512	0.1562	0.4985870757470184
ensemble157	0.1026	0.108
stump158		0.8488	0.8472	0.4987937286390886
ensemble158	0.1026	0.108
stump159		0.1192	0.1248	0.49932699303449074
ensemble159	0.1026	0.108
stump160		0.8606	0.8546	0.49889283325565853
ensemble160	0.1026	0.1078
stump161		0.229	0.2314	0.49845787849935064
ensemble161	0.1026	0.108
stump162		0.8488	0.8472	0.4992088269996455
ensemble162	0.1026	0.108
stump163		0.1192	0.1248	0.49938306813805444
ensemble163	0.1026	0.108
stump164		0.8638	0.8616	0.4994377513897478
ensemble164	0.1026	0.108
stump165		0.5508	0.5498	0.49846723635737283
ensemble165	0.1026	0.108
stump166		0.1192	0.1248	0.49941070115653463
ensemble166	0.1026	0.108
stump167		0.8638	0.8616	0.4994465060624151
ensemble167	0.1026	0.108
stump168		0.3164	0.33	0.49883314744984886
ensemble168	0.1026	0.108
stump169		0.8502	0.8464	0.4991517582934821
ensemble169	0.1026	0.108
stump170		0.1192	0.1248	0.4991367591349505
ensemble170	0.1026	0.108
stump171		0.8638	0.8616	0.49946614955012114
ensemble171	0.1026	0.108
stump172		0.5296	0.5366	0.49875336245508806
ensemble172	0.1026	0.108
stump173		0.1512	0.1562	0.49884376300596706
ensemble173	0.1026	0.108
stump174		0.775	0.7718	0.4987338046978851
ensemble174	0.1026	0.108
stump175		0.1678	0.1716	0.49877674690778795
ensemble175	0.1026	0.108
stump176		0.7694	0.762	0.49888337821615797
ensemble176	0.1026	0.108
stump177		0.1192	0.1248	0.4997311650612734
ensemble177	0.1026	0.108
stump178		0.8638	0.8616	0.4995061547543198
ensemble178	0.1026	0.108
stump179		0.2094	0.2104	0.49855822856877596
ensemble179	0.1026	0.108
stump180		0.8638	0.8616	0.4989658329716998
ensemble180	0.1026	0.108
stump181		0.2824	0.2876	0.4993177267324167
ensemble181	0.1026	0.108
stump182		0.7394	0.7422	0.4994337548057439
ensemble182	0.1026	0.108
stump183		0.7372	0.7384	0.4991274402624597
ensemble183	0.1026	0.108
stump184		0.1678	0.1716	0.4985715630277143
ensemble184	0.1026	0.108
stump185		0.8222	0.8194	0.4993441432247754
ensemble185	0.1026	0.108
stump186		0.184	0.1912	0.499290753943647
ensemble186	0.1026	0.108
stump187		0.428	0.4186	0.4992214408449498
ensemble187	0.1026	0.108
stump188		0.8488	0.8472	0.4993393085568806
ensemble188	0.1026	0.108
stump189		0.1192	0.1248	0.4995824518704027
ensemble189	0.1026	0.108
stump190		0.8638	0.8616	0.4996088795663808
ensemble190	0.1026	0.108
stump191		0.8606	0.8546	0.4995781147046505
ensemble191	0.1026	0.108
stump192		0.1452	0.1544	0.49893913697197567
ensemble192	0.1026	0.108
stump193		0.5808	0.5928	0.4983961115247736
ensemble193	0.1026	0.108
stump194		0.6198	0.6144	0.4983054148965422
ensemble194	0.1028	0.108
stump195		0.1512	0.1562	0.4991846127625944
ensemble195	0.1028	0.108
stump196		0.7854	0.78	0.4988828236289102
ensemble196	0.1026	0.108
stump197		0.2172	0.2182	0.4988156830745915
ensemble197	0.1026	0.108
stump198		0.8638	0.8616	0.4995131399055609
ensemble198	0.1026	0.108
stump199		0.411	0.4034	0.4988250748107566
ensemble199	0.1026	0.108
stump200		0.1556	0.1608	0.4990495896288629
ensemble200	0.1026	0.108
stump201		0.7518	0.7544	0.4991672443331643
ensemble201	0.1026	0.108
stump202		0.6866	0.6814	0.4988730424591175
ensemble202	0.1028	0.108
stump203		0.1192	0.1248	0.49885498469476913
ensemble203	0.1026	0.108
stump204		0.8638	0.8616	0.49964471712520087
ensemble204	0.1028	0.108
stump205		0.5256	0.5112	0.49951272986379375
ensemble205	0.1028	0.108
stump206		0.184	0.1912	0.4996060020241255
ensemble206	0.1028	0.108
stump207		0.8174	0.8112	0.49919600334798786
ensemble207	0.1028	0.108
stump208		0.1648	0.17	0.49929802195649
ensemble208	0.1026	0.108
stump209		0.38	0.396	0.4995318956139556
ensemble209	0.1026	0.108
stump210		0.8638	0.8616	0.4996823474610626
ensemble210	0.1026	0.108
stump211		0.3718	0.3826	0.499256137631309
ensemble211	0.1028	0.108
stump212		0.8502	0.8464	0.4994447379678816
ensemble212	0.1028	0.108
stump213		0.1192	0.1248	0.4995016901893606
ensemble213	0.1028	0.108
stump214		0.8638	0.8616	0.49968995759328483
ensemble214	0.1028	0.108
stump215		0.4676	0.4596	0.4995990133575213
ensemble215	0.1028	0.108
stump216		0.3462	0.359	0.49914890082246766
ensemble216	0.1026	0.108
stump217		0.6516	0.642	0.4994048941366696
ensemble217	0.1028	0.108
stump218		0.3776	0.3712	0.49916256653327173
ensemble218	0.1026	0.108
stump219		0.5032	0.4986	0.4985553784354654
ensemble219	0.1026	0.108
stump220		0.7372	0.7384	0.4993156464085732
ensemble220	0.1026	0.108
stump221		0.145	0.1508	0.4992869284787974
ensemble221	0.1026	0.108
stump222		0.8638	0.8616	0.4997682279615758
ensemble222	0.1026	0.108
stump223		0.444	0.4586	0.49954200915054026
ensemble223	0.1026	0.108
stump224		0.8606	0.8546	0.49972386756493864
ensemble224	0.1026	0.108
stump225		0.1192	0.1248	0.49953377320653514
ensemble225	0.1026	0.108
stump226		0.8638	0.8616	0.49973407328345476
ensemble226	0.1026	0.108
stump227		0.1512	0.1562	0.4994991397162412
ensemble227	0.1026	0.108
stump228		0.6772	0.6694	0.4995803632944812
ensemble228	0.1026	0.108
stump229		0.7854	0.78	0.4995279677097478
ensemble229	0.1026	0.108
stump230		0.4904	0.4916	0.49893977579170623
ensemble230	0.1026	0.108
stump231		0.6866	0.6814	0.49916022004670135
ensemble231	0.1026	0.108
stump232		0.1192	0.1248	0.4993133124868758
ensemble232	0.1026	0.108
stump233		0.8638	0.8616	0.4997542654011037
ensemble233	0.1026	0.108
stump234		0.3174	0.3304	0.4995112719578484
ensemble234	0.1026	0.108
stump235		0.8502	0.8464	0.49966681028834314
ensemble235	0.1026	0.108
stump236		0.1192	0.1248	0.49961724855424616
ensemble236	0.1026	0.108
stump237		0.8638	0.8616	0.49976451842359493
ensemble237	0.1026	0.108
stump238		0.327	0.3248	0.4994776590422509
ensemble238	0.1026	0.108
stump239		0.5508	0.5498	0.49939793146112643
ensemble239	0.1026	0.108
stump240		0.8638	0.8616	0.49979063312582056
ensemble240	0.1026	0.108
stump241		0.1192	0.1248	0.4997743647242149
ensemble241	0.1026	0.108
stump242		0.8638	0.8616	0.49978066293784473
ensemble242	0.1026	0.108
stump243		0.5032	0.509	0.49969021761473853
ensemble243	0.1026	0.108
stump244		0.601	0.5922	0.4992975522292442
ensemble244	0.1026	0.108
stump245		0.145	0.1508	0.4994537386696978
ensemble245	0.1026	0.108
stump246		0.8638	0.8616	0.4998205133533058
ensemble246	0.1026	0.108
stump247		0.184	0.1912	0.4997359611155506
ensemble247	0.1026	0.108
stump248		0.6506	0.6416	0.4997381696943852
ensemble248	0.1026	0.108
stump249		0.2444	0.2436	0.4995728020848306
ensemble249	0.1026	0.108
stump250		0.7372	0.7384	0.49933657115104646
ensemble250	0.1026	0.108
stump251		0.1448	0.1522	0.4996353531998248
ensemble251	0.1026	0.108
stump252		0.4484	0.4524	0.4997213239041834
ensemble252	0.1026	0.108
stump253		0.7854	0.78	0.49965509718734286
ensemble253	0.1026	0.108
stump254		0.2824	0.2876	0.4997438965876332
ensemble254	0.1026	0.108
stump255		0.8638	0.8616	0.4998878046985426
ensemble255	0.1026	0.108
stump256		0.4766	0.4812	0.4997714348202539
ensemble256	0.1026	0.108
stump257		0.1192	0.1248	0.49983619994680795
ensemble257	0.1026	0.108
stump258		0.8638	0.8616	0.49981909536859115
ensemble258	0.1026	0.108
stump259		0.411	0.4034	0.49940264100521736
ensemble259	0.1026	0.108
stump260		0.1678	0.1716	0.4993935560844022
ensemble260	0.1026	0.108
stump261		0.3462	0.359	0.4995130839267711
ensemble261	0.1026	0.108
stump262		0.703	0.6954	0.49948638960280317
ensemble262	0.1026	0.108
stump263		0.184	0.1912	0.4997228028060846
ensemble263	0.1026	0.108
stump264		0.8174	0.8112	0.4994911925667471
ensemble264	0.1026	0.108
stump265		0.1206	0.1236	0.49948083226473894
ensemble265	0.1026	0.108
stump266		0.8638	0.8616	0.4996948261380068
ensemble266	0.1026	0.108
stump267		0.2748	0.2848	0.4997820951950932
ensemble267	0.1026	0.108
stump268		0.5952	0.5882	0.49977333100502536
ensemble268	0.1026	0.108
stump269		0.8502	0.8464	0.4997944506533645
ensemble269	0.1026	0.108
stump270		0.6198	0.6144	0.4996102418229957
ensemble270	0.1026	0.108
stump271		0.2168	0.2156	0.499337641945996
ensemble271	0.1026	0.108
stump272		0.5808	0.5928	0.4992914281461224
ensemble272	0.1026	0.108
stump273		0.6198	0.6144	0.4994293140510213
ensemble273	0.1026	0.108
stump274		0.1192	0.1248	0.4997022901214688
ensemble274	0.1026	0.108
stump275		0.8502	0.8464	0.4997252661347767
ensemble275	0.1026	0.108
stump276		0.1452	0.1544	0.49959896489246003
ensemble276	0.1026	0.108
stump277		0.7748	0.7778	0.4997025832421415
ensemble277	0.1026	0.108
stump278		0.1192	0.1248	0.4998786188805812
ensemble278	0.1026	0.108
stump279		0.8638	0.8616	0.4998486483415778
ensemble279	0.1026	0.108
stump280		0.1512	0.1562	0.4997485534904441
ensemble280	0.1026	0.108
stump281		0.7854	0.78	0.4996627561983783
ensemble281	0.1026	0.108
stump282		0.1192	0.1248	0.4998512609603841
ensemble282	0.1026	0.108
stump283		0.8638	0.8616	0.49985622277859754
ensemble283	0.1026	0.108
stump284		0.2296	0.2302	0.4997986301540994
ensemble284	0.1026	0.108
stump285		0.7518	0.7544	0.4996526422805643
ensemble285	0.1026	0.108
stump286		0.1192	0.1248	0.49973028932695107
ensemble286	0.1026	0.108
stump287		0.8638	0.8616	0.49986499601752643
ensemble287	0.1026	0.108
stump288		0.3832	0.3832	0.4998153150055223
ensemble288	0.1026	0.108
stump289		0.1192	0.1248	0.49993256768381467
ensemble289	0.1026	0.108
stump290		0.8638	0.8616	0.4998698324315436
ensemble290	0.1026	0.108
stump291		0.4802	0.4904	0.49966014100363343
ensemble291	0.1026	0.108
stump292		0.4216	0.426	0.499838620163111
ensemble292	0.1026	0.108
stump293		0.8502	0.8464	0.4998254024751994
ensemble293	0.1026	0.108
stump294		0.1192	0.1248	0.4998054275638729
ensemble294	0.1026	0.108
stump295		0.8638	0.8616	0.49987973633589194
ensemble295	0.1026	0.108
stump296		0.2754	0.274	0.49987027134984924
ensemble296	0.1026	0.108
stump297		0.5616	0.576	0.49984712676079546
ensemble297	0.1026	0.108
stump298		0.1192	0.1248	0.4999275035916332
ensemble298	0.1026	0.108
stump299		0.8638	0.8616	0.49988638098513893
ensemble299	0.1026	0.108
stump300		0.3966	0.3878	0.4998682868135917
ensemble300	0.1026	0.108
stump301		0.1192	0.1248	0.49991975194927857
ensemble301	0.1026	0.108
stump302		0.8638	0.8616	0.4998917827031433
ensemble302	0.1026	0.108
stump303		0.1512	0.1562	0.49975097101836774
ensemble303	0.1026	0.108
stump304		0.8502	0.8464	0.4997297204776823
ensemble304	0.1026	0.108
stump305		0.1192	0.1248	0.49983534903155075
ensemble305	0.1026	0.108
stump306		0.5714	0.5842	0.49985995357777335
ensemble306	0.1026	0.108
stump307		0.3752	0.3702	0.49972356037329285
ensemble307	0.1026	0.108
stump308		0.8488	0.8472	0.49984755549479154
ensemble308	0.1026	0.108
stump309		0.1192	0.1248	0.49989276429612955
ensemble309	0.1026	0.108
stump310		0.8638	0.8616	0.49989592944481864
ensemble310	0.1026	0.108
stump311		0.7372	0.7384	0.4997947439235442
ensemble311	0.1026	0.108
stump312		0.1452	0.1544	0.4996523309821921
ensemble312	0.1026	0.108
stump313		0.6866	0.6814	0.4997069079989156
ensemble313	0.1026	0.108
stump314		0.4904	0.4916	0.4995465744635732
ensemble314	0.1026	0.108
stump315		0.3226	0.3184	0.49984966762170957
ensemble315	0.1026	0.108
stump316		0.8638	0.8616	0.4999139190059713
ensemble316	0.1026	0.108
stump317		0.1192	0.1248	0.49990558162243554
ensemble317	0.1026	0.108
stump318		0.8638	0.8616	0.4999082170414953
ensemble318	0.1026	0.108
stump319		0.1512	0.1562	0.499837027398469
ensemble319	0.1026	0.108
stump320		0.8606	0.8546	0.499787742878754
ensemble320	0.1026	0.108
stump321		0.1458	0.1526	0.49985373964312807
ensemble321	0.1026	0.108
stump322		0.6674	0.676	0.49986873569197193
ensemble322	0.1026	0.108
stump323		0.1192	0.1248	0.4999391296828092
ensemble323	0.1026	0.108
stump324		0.8638	0.8616	0.4999130144398694
ensemble324	0.1026	0.108
stump325		0.2094	0.2104	0.4996959412208055
ensemble325	0.1026	0.108
stump326		0.6198	0.6144	0.4996574018012623
ensemble326	0.1026	0.108
stump327		0.4956	0.498	0.4996841669213462
ensemble327	0.1026	0.108
stump328		0.8174	0.8112	0.4997868865982643
ensemble328	0.1026	0.108
stump329		0.129	0.133	0.4998273893949039
ensemble329	0.1026	0.108
stump330		0.6816	0.6726	0.4998908518310727
ensemble330	0.1026	0.108
stump331		0.5508	0.5498	0.4998059297964985
ensemble331	0.1026	0.108
stump332		0.1192	0.1248	0.49994584074703174
ensemble332	0.1026	0.108
stump333		0.8638	0.8616	0.4999185829216354
ensemble333	0.1026	0.108
stump334		0.3174	0.3304	0.49987260530797095
ensemble334	0.1026	0.108
stump335		0.411	0.4034	0.49972239344562797
ensemble335	0.1026	0.108
stump336		0.1192	0.1248	0.49983141862944536
ensemble336	0.1026	0.108
stump337		0.8638	0.8616	0.4999201806299992
ensemble337	0.1026	0.108
stump338		0.1088	0.1166	0.49990205756781425
ensemble338	0.1026	0.108
stump339		0.629	0.626	0.4998824116333764
ensemble339	0.1026	0.108
stump340		0.8638	0.8616	0.4999533026558414
ensemble340	0.1026	0.108
stump341		0.184	0.1912	0.49992275688719334
ensemble341	0.1026	0.108
stump342		0.7854	0.78	0.4998714464964471
ensemble342	0.1026	0.108
stump343		0.1192	0.1248	0.4999019957637112
ensemble343	0.1026	0.108
stump344		0.8638	0.8616	0.49992597022075047
ensemble344	0.1026	0.108
stump345		0.7372	0.7384	0.4998508949843504
ensemble345	0.1026	0.108
stump346		0.1678	0.1716	0.4997411641791546
ensemble346	0.1026	0.108
stump347		0.8022	0.8016	0.49986501799947713
ensemble347	0.1026	0.108
stump348		0.3462	0.359	0.49979821263731683
ensemble348	0.1026	0.108
stump349		0.6772	0.6694	0.49988760579312785
ensemble349	0.1026	0.108
stump350		0.1192	0.1248	0.4999263155632228
ensemble350	0.1026	0.108
stump351		0.8638	0.8616	0.4999355973702853
ensemble351	0.1026	0.108
stump352		0.184	0.1912	0.4999073291826932
ensemble352	0.1026	0.108
stump353		0.8606	0.8546	0.49989051095539333
ensemble353	0.1026	0.108
stump354		0.601	0.5922	0.4998013903476233
ensemble354	0.1026	0.108
stump355		0.1188	0.1228	0.4997677920102854
ensemble355	0.1026	0.108
stump356		0.845	0.8436	0.49989144268400915
ensemble356	0.1026	0.108
stump357		0.1192	0.1248	0.49994571749053296
ensemble357	0.1026	0.108
stump358		0.8638	0.8616	0.49994045642736656
ensemble358	0.1026	0.108
stump359		0.1192	0.1248	0.4999421185311661
ensemble359	0.1026	0.108
stump360		0.8638	0.8616	0.499943734238122
ensemble360	0.1026	0.108
stump361		0.1512	0.1562	0.49990768971172983
ensemble361	0.1026	0.108
stump362		0.7854	0.78	0.4998710374265066
ensemble362	0.1026	0.108
stump363		0.6198	0.6144	0.4998492886935484
ensemble363	0.1026	0.108
stump364		0.1192	0.1248	0.49985163946623645
ensemble364	0.1026	0.108
stump365		0.6716	0.6746	0.49993500463207663
ensemble365	0.1026	0.108
stump366		0.1192	0.1248	0.499972324097933
ensemble366	0.1026	0.108
stump367		0.8638	0.8616	0.4999480341514372
ensemble367	0.1026	0.108
stump368		0.364	0.3586	0.4999284666126721
ensemble368	0.1026	0.108
stump369		0.5508	0.5498	0.4998654696495703
ensemble369	0.1026	0.108
stump370		0.1192	0.1248	0.49996348632725407
ensemble370	0.1026	0.108
stump371		0.8638	0.8616	0.4999482925913096
ensemble371	0.1026	0.108
stump372		0.265	0.2766	0.4998993510027423
ensemble372	0.1026	0.108
stump373		0.8502	0.8464	0.4999085510373493
ensemble373	0.1026	0.108
stump374		0.1192	0.1248	0.4999205650011883
ensemble374	0.1026	0.108
stump375		0.8638	0.8616	0.49995141054895437
ensemble375	0.1026	0.108
stump376		0.2094	0.2104	0.4998589660411908
ensemble376	0.1026	0.108
stump377		0.8548	0.8518	0.49989382842361163
ensemble377	0.1026	0.108
stump378		0.7372	0.7384	0.4999021074609301
ensemble378	0.1026	0.108
stump379		0.2168	0.2156	0.49984220952610553
ensemble379	0.1026	0.108
stump380		0.8638	0.8616	0.49995547080738884
ensemble380	0.1026	0.108
stump381		0.1192	0.1248	0.49995510228819284
ensemble381	0.1026	0.108
stump382		0.8638	0.8616	0.4999563554284384
ensemble382	0.1026	0.108
stump383		0.1512	0.1562	0.4999143916767431
ensemble383	0.1026	0.108
stump384		0.8502	0.8464	0.49990339085028557
ensemble384	0.1026	0.108
stump385		0.3366	0.3376	0.4999227692367439
ensemble385	0.1026	0.108
stump386		0.1192	0.1248	0.4999765477270879
ensemble386	0.1026	0.108
stump387		0.8638	0.8616	0.4999578339166166
ensemble387	0.1026	0.108
stump388		0.3498	0.3436	0.49994288916736573
ensemble388	0.1026	0.108
stump389		0.5032	0.4986	0.49982684032987756
ensemble389	0.1026	0.108
stump390		0.3504	0.3504	0.49986850208869843
ensemble390	0.1026	0.108
stump391		0.5006	0.511	0.4999398891293362
ensemble391	0.1026	0.108
stump392		0.8174	0.8112	0.49991291110211916
ensemble392	0.1026	0.108
stump393		0.5808	0.5928	0.49982491810868057
ensemble393	0.1026	0.108
stump394		0.3462	0.359	0.4998690724761919
ensemble394	0.1026	0.108
stump395		0.5042	0.492	0.4999174465808782
ensemble395	0.1026	0.108
stump396		0.6198	0.6144	0.49990936765913313
ensemble396	0.1026	0.108
stump397		0.1192	0.1248	0.4998999167340164
ensemble397	0.1026	0.108
stump398		0.411	0.4034	0.4998618556380145
ensemble398	0.1026	0.108
stump399		0.1192	0.1248	0.49993466732039404
ensemble399	0.1026	0.108
stump400		0.8638	0.8616	0.4999622434713992
ensemble400	0.1026	0.108
stump401		0.7854	0.78	0.4999509464681535
ensemble401	0.1026	0.108
stump402		0.1192	0.1248	0.4999355334999571
ensemble402	0.1026	0.108
stump403		0.8638	0.8616	0.4999639736208291
ensemble403	0.1026	0.108
stump404		0.7372	0.7384	0.4999269740638964
ensemble404	0.1026	0.108
stump405		0.1986	0.21	0.4999040804849661
ensemble405	0.1026	0.108
stump406		0.3028	0.305	0.49990995291434404
ensemble406	0.1026	0.108
stump407		0.7754	0.7666	0.49994028328412715
ensemble407	0.1026	0.108
stump408		0.6866	0.6814	0.4998724686243723
ensemble408	0.1026	0.108
stump409		0.5508	0.5498	0.4999006656067628
ensemble409	0.1026	0.108
stump410		0.1192	0.1248	0.4999305685593438
ensemble410	0.1026	0.108
stump411		0.8638	0.8616	0.49996575946283883
ensemble411	0.1026	0.108
stump412		0.1088	0.1166	0.4999578867393949
ensemble412	0.1026	0.108
stump413		0.8502	0.8464	0.49993799292712254
ensemble413	0.1026	0.108
stump414		0.3006	0.3108	0.4999339998601787
ensemble414	0.1026	0.108
stump415		0.1192	0.1248	0.4999746960991319
ensemble415	0.1026	0.108
stump416		0.8638	0.8616	0.49996724492444955
ensemble416	0.1026	0.108
stump417		0.4996	0.5018	0.49994454068984395
ensemble417	0.1026	0.108
stump418		0.1192	0.1248	0.4999743523724781
ensemble418	0.1026	0.108
stump419		0.8638	0.8616	0.49996929005338187
ensemble419	0.1026	0.108
stump420		0.276	0.2728	0.49996014569440433
ensemble420	0.1026	0.108
stump421		0.8638	0.8616	0.4999763981364147
ensemble421	0.1026	0.108
stump422		0.4698	0.4754	0.4999256719148137
ensemble422	0.1026	0.108
stump423		0.6198	0.6144	0.49991394002807954
ensemble423	0.1026	0.108
stump424		0.1512	0.1562	0.49993213414903764
ensemble424	0.1026	0.108
stump425		0.7854	0.78	0.49992552676081636
ensemble425	0.1026	0.108
stump426		0.1192	0.1248	0.49994607612631586
ensemble426	0.1026	0.108
stump427		0.6438	0.6558	0.499966442212772
ensemble427	0.1026	0.108
stump428		0.1192	0.1248	0.49998405702701604
ensemble428	0.1026	0.108
stump429		0.8638	0.8616	0.4999723507697785
ensemble429	0.1026	0.108
stump430		0.3242	0.3162	0.49996445284654145
ensemble430	0.1026	0.108
stump431		0.8502	0.8464	0.4999618292306355
ensemble431	0.1026	0.108
stump432		0.1192	0.1248	0.4999565499287204
ensemble432	0.1026	0.108
stump433		0.6438	0.6558	0.4999670316449226
ensemble433	0.1026	0.108
stump434		0.1192	0.1248	0.4999843370788468
ensemble434	0.1026	0.108
stump435		0.8638	0.8616	0.4999737837790422
ensemble435	0.1026	0.108
stump436		0.3462	0.359	0.4999318881307734
ensemble436	0.1026	0.108
stump437		0.6418	0.6338	0.4999524182641226
ensemble437	0.1026	0.108
stump438		0.1192	0.1248	0.4999738948280706
ensemble438	0.1026	0.108
stump439		0.8638	0.8616	0.4999761780863553
ensemble439	0.1026	0.108
stump440		0.7372	0.7384	0.49995175848638174
ensemble440	0.1026	0.108
stump441		0.1188	0.1228	0.4999260696030234
ensemble441	0.1026	0.108
stump442		0.8502	0.8464	0.49994940104565966
ensemble442	0.1026	0.108
stump443		0.2544	0.2558	0.49995794300106183
ensemble443	0.1026	0.108
stump444		0.8638	0.8616	0.49998599946725053
ensemble444	0.1026	0.108
stump445		0.396	0.3986	0.4999755979693912
ensemble445	0.1026	0.108
stump446		0.4218	0.4288	0.49997033345670117
ensemble446	0.1026	0.108
stump447		0.1678	0.1716	0.4999517848752345
ensemble447	0.1026	0.108
stump448		0.8488	0.8472	0.4999438501138347
ensemble448	0.1026	0.108
stump449		0.1192	0.1248	0.4999799321404286
ensemble449	0.1026	0.108
stump450		0.8638	0.8616	0.4999788923443664
ensemble450	0.1026	0.108
stump451		0.4768	0.4704	0.49991364830587526
ensemble451	0.1026	0.108
stump452		0.3542	0.3496	0.49994659212632164
ensemble452	0.1026	0.108
stump453		0.5508	0.5498	0.4999461817575247
ensemble453	0.1026	0.108
stump454		0.3066	0.3154	0.49996981264462814
ensemble454	0.1026	0.108
stump455		0.8502	0.8464	0.4999677564659028
ensemble455	0.1026	0.108
stump456		0.601	0.5922	0.4999407630648345
ensemble456	0.1026	0.108
stump457		0.1252	0.1294	0.4999441693902472
ensemble457	0.1026	0.108
stump458		0.6138	0.602	0.4999777806591366
ensemble458	0.1026	0.108
stump459		0.8638	0.8616	0.4999861409603339
ensemble459	0.1026	0.108
stump460		0.4956	0.498	0.49994666243785696
ensemble460	0.1026	0.108
stump461		0.6198	0.6144	0.4999487192185943
ensemble461	0.1026	0.108
stump462		0.1512	0.1562	0.49994886039852326
ensemble462	0.1026	0.108
stump463		0.7854	0.78	0.4999583063485089
ensemble463	0.1026	0.108
stump464		0.2906	0.304	0.49997504820901717
ensemble464	0.1026	0.108
stump465		0.1192	0.1248	0.49998876791026853
ensemble465	0.1026	0.108
stump466		0.8638	0.8616	0.499982527303483
ensemble466	0.1026	0.108
stump467		0.5768	0.5708	0.49997715247509
ensemble467	0.1026	0.108
stump468		0.1192	0.1248	0.4999800855155336
ensemble468	0.1026	0.108
stump469		0.8638	0.8616	0.49998326365676
ensemble469	0.1026	0.108
stump470		0.2456	0.248	0.49998190071642906
ensemble470	0.1026	0.108
stump471		0.5308	0.5372	0.499982040414939
ensemble471	0.1026	0.108
stump472		0.8606	0.8546	0.4999800068087553
ensemble472	0.1026	0.108
stump473		0.1192	0.1248	0.4999750143241687
ensemble473	0.1026	0.108
stump474		0.8638	0.8616	0.4999841613196126
ensemble474	0.1026	0.108
stump475		0.3434	0.344	0.49998047738541146
ensemble475	0.1026	0.108
stump476		0.4904	0.4916	0.49993181523662467
ensemble476	0.1026	0.108
stump477		0.6866	0.6814	0.4999374741104893
ensemble477	0.1026	0.108
stump478		0.1678	0.1716	0.4999413258809904
ensemble478	0.1026	0.108
stump479		0.8488	0.8472	0.49996573013307166
ensemble479	0.1026	0.108
stump480		0.7372	0.7384	0.49996837016861173
ensemble480	0.1026	0.108
stump481		0.1192	0.1248	0.49996138418736613
ensemble481	0.1026	0.108
stump482		0.411	0.4034	0.4999438927321473
ensemble482	0.1026	0.108
stump483		0.184	0.1912	0.4999645762740553
ensemble483	0.1026	0.108
stump484		0.8174	0.8112	0.49996545972009154
ensemble484	0.1026	0.108
stump485		0.1452	0.1544	0.4999552647468863
ensemble485	0.1026	0.108
stump486		0.8638	0.8616	0.4999761222752589
ensemble486	0.1026	0.108
stump487		0.38	0.396	0.4999789932756924
ensemble487	0.1026	0.108
stump488		0.74	0.7414	0.49996383194751276
ensemble488	0.1026	0.108
stump489		0.1192	0.1248	0.49996832552247533
ensemble489	0.1026	0.108
stump490		0.552	0.5492	0.4999811753633753
ensemble490	0.1026	0.108
stump491		0.8638	0.8616	0.49999197323103384
ensemble491	0.1026	0.108
stump492		0.1192	0.1248	0.4999867965666422
ensemble492	0.1026	0.108
stump493		0.8638	0.8616	0.49998716504971885
ensemble493	0.1026	0.108
stump494		0.3832	0.3832	0.4999833225695948
ensemble494	0.1026	0.108
stump495		0.8502	0.8464	0.4999842043987574
ensemble495	0.1026	0.108
stump496		0.5808	0.5928	0.4999453107746208
ensemble496	0.1026	0.108
stump497		0.1678	0.1716	0.49996430295678906
ensemble497	0.1026	0.108
stump498		0.7518	0.7544	0.4999578766608634
ensemble498	0.1026	0.108
stump499		0.1512	0.1562	0.49997220906086925
ensemble499	0.1026	0.108
stump500		0.7854	0.78	0.4999720027791006
ensemble500	0.1026	0.108
